1	-0.867806	0.00917684	-0.98628	0.86313	0.567951	-0.00386893	
-0.867806	1	-0.00719407	0.857347	-0.995197	-0.635959	0.00416029	
0.00917684	-0.00719407	1	-0.0541208	0.0018823	0.00476598	-3.30022e-05	
-0.98628	0.857347	-0.0541208	1	-0.852731	-0.555872	0.0127093	
0.86313	-0.995197	0.0018823	-0.852731	1	0.617456	-0.0308713	
0.567951	-0.635959	0.00476598	-0.555872	0.617456	1	0.574024	
-0.00386893	0.00416029	-3.30022e-05	0.0127093	-0.0308713	0.574024	1	
