4.91357e-07	-7.30627e-07	1.26058e-09	-0.000371803	0.000548666	0.000101819	-2.64526e-09	
-7.30627e-07	1.44261e-06	-1.69328e-09	0.000553791	-0.00108397	-0.000195354	4.87391e-09	
1.26058e-09	-1.69328e-09	3.84024e-08	-5.70371e-06	3.34503e-07	2.38863e-07	-6.30813e-12	
-0.000371803	0.000553791	-5.70371e-06	0.28922	-0.415872	-0.0764552	6.66676e-06	
0.000548666	-0.00108397	3.34503e-07	-0.415872	0.822368	0.143205	-2.73066e-05	
0.000101819	-0.000195354	2.38863e-07	-0.0764552	0.143205	0.0654088	0.000143195	
-2.64526e-09	4.87391e-09	-6.30813e-12	6.66676e-06	-2.73066e-05	0.000143195	9.51389e-07	
